$ANSIBLE_VAULT;1.1;AES256
64303065313738396464663564336362376337623839393663623034623837396632623333653863
3266376164613364323365613738386235646564353834610a663237336664373265643466356439
32333935396635613433376533363833666461343633333639393337353561663262303862666563
6262393338313038340a653631333539373039333931383862323033313735363866636633613231
32633031663337623664323534336238653732616332643936303066323863623938616364363934
66303762643964393730633035303865336666356235376639336463613463366636643266643831
63323164323366633963393032313334306236363863666666363163386332343837313038626538
63346661373539313265363135386530613436366364663961343465376163346434666637626363
64616363633034663061653565643436353235326534356665656539373537303736393331626661
64613362383464393339643963373363363831303731643837623637323335383035646564616232
63353732323462353063373732386165396361666235356231653734396536303063396261653961
38623966373934383136366663346632363263626134383262356535353064633263303530316565
35333937313034326434643831383764356139373536396662393063363439643337613463376236
37653932366438343932666366623732646331393534333133336335623739393137303835303132
64333037613863323032613230313734336465383031373839633666633033366666633366663533
61373737613338623731646439356231666636663835613165633238343936343734323864353464
64373434616266613363323165313363623038636666396366333761336139343763613966343038
66373537383831303933633933653639353431346662643134666163373263363332323634393035
64393961373261393066613439666662306566336234326666393638343137383339343564393230
33383636386365333237303461656465393632333030376633353364643838383837653339376337
3538
